1.165846966302788168e+00 -3.159083508067407342e-01 -1.086103913175647654e-15 -1.205924058498300200e+00 3.879318788188776956e-01 8.604463007024408822e-16 4.007709227114850115e-02 -7.202352794033148320e-02 2.256576736971607430e-16
-3.159083508067407342e-01 2.231493929256526121e-01 -1.095456368658982135e-15 4.530106175466118712e-01 1.527619210945763140e-02 5.560045255798951382e-16 -1.371022667795165906e-01 -2.384255850597422899e-01 5.394518190102257745e-16
-1.086103913175647654e-15 -1.095456368658982135e-15 -3.488244611660951122e-02 1.359201240673059528e-15 3.716079557658960905e-16 3.093066804869876174e-02 -2.730973178223150864e-16 7.238484592469594929e-16 3.951778067253851334e-03
-1.205924058498300200e+00 4.530106175466118712e-01 1.359201240673059528e-15 1.222721140670365525e+00 -4.152500086152243752e-01 -1.264161559963901854e-15 -1.679708224739207001e-02 -3.776060899807692772e-02 -9.503971686425910543e-17
3.879318788188776956e-01 1.527619210945763140e-02 3.716079557658960905e-16 -4.152500086152243752e-01 8.085794567886228634e-02 -3.800725707317308213e-16 2.731812982375937671e-02 -9.613413777676031724e-02 8.464623924109193770e-18
8.604463007024408822e-16 5.560045255798951382e-16 3.093066804869876174e-02 -1.264161559963901854e-15 -3.800725707317308213e-16 -3.206543890446467149e-02 4.037153220443511159e-16 -1.759320104146558987e-16 1.134770851295416327e-03
4.007709227114850115e-02 -1.371022667795165906e-01 -2.730973178223150864e-16 -1.679708224739207001e-02 2.731812982375937671e-02 4.037153220443511159e-16 -2.328001004206151081e-02 1.097841369600360550e-01 -1.306180023403386501e-16
-7.202352794033148320e-02 -2.384255850597422899e-01 7.238484592469594929e-16 -3.776060899807692772e-02 -9.613413777676031724e-02 -1.759320104146558987e-16 1.097841369600360550e-01 3.345597228427784064e-01 -5.479164491224280229e-16
2.256576736971607430e-16 5.394518190102257745e-16 3.951778067253851334e-03 -9.503971686425910543e-17 8.464623924109193770e-18 1.134770851295416327e-03 -1.306180023403386501e-16 -5.479164491224280229e-16 -5.086548919013195169e-03
