7.192834364338482889e-01 1.693614263484331528e-01 1.290413137795450720e-15 -8.098539006892053749e-01 -2.004620385528405879e-01 -1.045916995671323778e-15 9.057046411849276057e-02 3.110061209734500676e-02 -2.444961048303140868e-16
1.693614263484331528e-01 3.345771556471515695e-01 6.828280449848598375e-16 -1.689215225538351350e-01 2.278868480406170960e-02 -2.609939657953189178e-16 -4.399037968931679421e-04 -3.573658404524248655e-01 -4.218340792046736384e-16
1.290413137795450720e-15 6.828280449848598375e-16 3.544323917297390047e-02 -1.261264815546539627e-15 -2.818402000364988427e-16 -3.118236777646662961e-02 -2.914841373778348307e-17 -4.009878490984836699e-16 -4.260871394376586352e-03
-8.098539006892053749e-01 -1.689215225538351350e-01 -1.261264815546539627e-15 8.582740649458499016e-01 1.687199548508492575e-01 1.076865056631678108e-15 -4.842016407007118661e-02 2.015678039569840374e-04 1.843997995092650484e-16
-2.004620385528405879e-01 2.278868480406170960e-02 -2.818402000364988427e-16 1.687199548508492575e-01 3.039607786570019954e-02 2.800241155206823266e-16 3.174208373380481285e-02 -5.318476265732047931e-02 1.816081224942536902e-18
-1.045916995671323778e-15 -2.609939657953189178e-16 -3.118236777646662961e-02 1.076865056631678108e-15 2.800241155206823266e-16 2.158608308366583017e-02 -3.094804661157320940e-17 -1.903016644342041608e-17 9.596284689892282255e-03
9.057046411849276057e-02 -4.399037968931679421e-04 -2.914841373778348307e-17 -4.842016407007118661e-02 3.174208373380481285e-02 -3.094804661157320940e-17 -4.215030004463372892e-02 -3.130217993169330526e-02 6.009645827425610913e-17
3.110061209734500676e-02 -3.573658404524248655e-01 -4.009878490984836699e-16 2.015678039569840374e-04 -5.318476265732047931e-02 -1.903016644342041608e-17 -3.130217993169330526e-02 4.105506030964934938e-01 4.200180160757545116e-16
-2.444961048303140868e-16 -4.218340792046736384e-16 -4.260871394376586352e-03 1.843997995092650484e-16 1.816081224942536902e-18 9.596284689892282255e-03 6.009645827425610913e-17 4.200180160757545116e-16 -5.335413295931429323e-03
